"State/UT/All-India","Sector","Fractile.class.of.MPCE","1","2","3","4","5","6","7","8","9","10+"
"Andhra Pradesh","Rural","0-5%",12.6,14.3,9.3,21.4,18.5,10.9,5.2,3.1,"1.7","2.7"
"Andhra Pradesh","Rural","5-10%",6.2,13.6,17.2,21,21.3,11.7,3.1,1.5,"2.2","2.2"
"Andhra Pradesh","Rural","10-20%",5.6,16.7,12.9,26.4,21.4,9.7,4.6,1.5,"0.9","0.5"
"Andhra Pradesh","Rural","20-30%",8.1,18,13.3,30.2,16.2,9.6,2.4,0.7,"0.6","0.9"
"Andhra Pradesh","Rural","30-40%",8.3,16.2,19.1,32.2,14.8,6.2,2.2,0.9,"0.1","0"
"Andhra Pradesh","Rural","40-50%",9.5,17.5,18.6,32.7,11.7,6,2.5,1.4,"0","0.2"
"Andhra Pradesh","Rural","50-60%",10.2,20.4,24.7,27.3,11.1,4.4,0.8,0.2,"0.4","0.3"
"Andhra Pradesh","Rural","60-70%",10.1,28.6,17.6,30.5,9.3,3.1,0.4,0,"0.1","0.2"
"Andhra Pradesh","Rural","70-80%",15.3,25.8,22,25.1,6.6,4.3,0.6,0.1,"0.1","0.2"
"Andhra Pradesh","Rural","80-90%",22,29.1,19,23,5.1,1.5,0.3,0,"0","0"
"Andhra Pradesh","Rural","90-95%",16.4,29.2,29.6,18.9,3.8,1.5,0,0,"0.4","0.3"
"Andhra Pradesh","Rural","95-100%",31,36.7,14.3,14.9,2,0.7,0,0.2,"0","0.2"
"Andhra Pradesh","Urban","0-5%",15.2,6.3,5,19.4,31.4,11,8.5,2.4,"0","0.7"
"Andhra Pradesh","Urban","5-10%",24.5,10.7,11.7,19.5,14.4,12.3,2.9,1.5,"1.5","1"
"Andhra Pradesh","Urban","10-20%",15.6,9.4,12.2,32.3,16.5,8.5,2.9,1.9,"0.4","0.3"
"Andhra Pradesh","Urban","20-30%",10.6,11.8,16.1,32.8,17,7.8,2.5,0.7,"0.8","0"
"Andhra Pradesh","Urban","30-40%",10.9,9.3,19.4,35.8,11.8,8.2,2.5,1.1,"0.5","0.5"
"Andhra Pradesh","Urban","40-50%",8,16.9,21.6,37.7,11.9,3.2,0.2,0.2,"0.3","0.1"
"Andhra Pradesh","Urban","50-60%",8.1,22.3,21.7,36.9,9.2,1.5,0,0,"0","0.3"
"Andhra Pradesh","Urban","60-70%",8.9,20.8,22.8,35,7.4,3.9,0.7,0.3,"0","0.2"
"Andhra Pradesh","Urban","70-80%",17.2,23,25,28.2,4.9,1.5,0,0.1,"0","0"
"Andhra Pradesh","Urban","80-90%",25.7,25.9,22.7,20.8,4.4,0.5,0,0,"0","0"
"Andhra Pradesh","Urban","90-95%",35.4,29.1,15.3,14.1,5.7,0.3,0,0,"0","0"
"Andhra Pradesh","Urban","95-100%",48.8,20.3,17,9,4.5,0,0,0,"0","0.3"
"Arunachal Pradesh","Rural","0-5%",0,0,0,3.1,18,17.4,15.7,15.6,"14.4","15.7"
"Arunachal Pradesh","Rural","5-10%",0,0,1.9,13,31,21.9,6,14.4,"2","9.8"
"Arunachal Pradesh","Rural","10-20%",0,3.8,2.7,14.2,21.5,20.6,15.2,6.5,"8.5","6.8"
"Arunachal Pradesh","Rural","20-30%",0,5.8,8.8,20.3,20.7,19.6,11.9,6.1,"2.7","4.1"
"Arunachal Pradesh","Rural","30-40%",1.3,4.4,11.6,25.3,13.4,11.1,14.1,8.1,"4","6.6"
"Arunachal Pradesh","Rural","40-50%",1.4,3.8,11.2,17.6,20.5,18.6,14.5,9.1,"2.6","1"
"Arunachal Pradesh","Rural","50-60%",2.5,4.2,9.3,22,21.8,18.1,13.1,5.5,"1.9","1.6"
"Arunachal Pradesh","Rural","60-70%",0.8,6.4,11.4,21.4,25.9,21.6,7.2,2.3,"0.1","2.9"
"Arunachal Pradesh","Rural","70-80%",2.1,10.2,18.7,24.4,19.3,12.9,10,2,"0.3","0.1"
"Arunachal Pradesh","Rural","80-90%",2.2,10.6,26.1,31.8,19,3.6,4,0.9,"1.2","0.4"
"Arunachal Pradesh","Rural","90-95%",2.3,28.2,26.8,27.2,13.3,1.3,0.7,0,"0.1","0"
"Arunachal Pradesh","Rural","95-100%",34.6,28.1,17.3,14.3,4.5,0.7,0.4,0,"0","0"
"Arunachal Pradesh","Urban","0-5%",0,0,17.4,7.4,14.1,25.2,16.8,10.9,"6.1","2.1"
"Arunachal Pradesh","Urban","5-10%",0,3.5,9.1,26.9,20.6,13.7,11.5,4.8,"1.2","8.7"
"Arunachal Pradesh","Urban","10-20%",1.3,2.5,8.7,11.6,35.8,17.5,10.5,3.8,"4.1","4.2"
"Arunachal Pradesh","Urban","20-30%",1.1,1.1,11,30.9,32.9,10.1,4.7,3.3,"3.4","1.5"
"Arunachal Pradesh","Urban","30-40%",0,1.3,15.4,32.4,30.5,10.6,3,2.8,"2.1","2"
"Arunachal Pradesh","Urban","40-50%",0,7.6,23.8,38.4,16.4,9.5,3.5,0.6,"0","0"
"Arunachal Pradesh","Urban","50-60%",1,9.2,24.3,27.2,18.5,15.5,1.5,1.9,"0.7","0.3"
"Arunachal Pradesh","Urban","60-70%",5.4,10.5,33.6,28.7,12.7,4.1,4.1,0,"0","0.8"
"Arunachal Pradesh","Urban","70-80%",5.2,25.8,27.5,19.8,14,5.9,1.5,0.4,"0","0"
"Arunachal Pradesh","Urban","80-90%",13.8,35.7,25.2,18.1,6.2,1,0,0,"0","0"
"Arunachal Pradesh","Urban","90-95%",44.7,33.9,13,4.8,2.4,1.3,0,0,"0","0"
"Arunachal Pradesh","Urban","95-100%",78.5,16.7,2.7,1,0.5,0.6,0,0,"0","0"
"Assam","Rural","0-5%",0.5,0,1.2,8.8,17.7,13.8,17.6,13.6,"11.3","15.4"
"Assam","Rural","5-10%",0,0.9,2.9,13.9,19.5,22.4,17.7,11.5,"4.9","6.2"
"Assam","Rural","10-20%",0,0.3,4.3,14.2,28.7,23.6,10.8,7.5,"5","5.6"
"Assam","Rural","20-30%",0.4,2.5,5.3,22.8,27.1,18.6,10,5.7,"3.5","3.9"
"Assam","Rural","30-40%",0.3,4.5,7.6,25.1,26.6,18.6,8.1,4.3,"3.1","1.7"
"Assam","Rural","40-50%",0.5,3.9,11.6,29.5,22.9,17.6,8.3,3.9,"1","0.9"
"Assam","Rural","50-60%",1.4,4.6,16.7,29.2,25.8,11.8,4.2,2.7,"2.5","1.1"
"Assam","Rural","60-70%",0.9,7.2,19.8,35.7,20.3,8.8,3.5,2.5,"0.8","0.4"
"Assam","Rural","70-80%",1.2,8,23.3,34.6,17.4,9.3,3.2,1.7,"0.8","0.5"
"Assam","Rural","80-90%",3,12.9,25.9,34.8,15,5.4,1.3,1,"0.5","0.2"
"Assam","Rural","90-95%",5.9,14.8,33,32,9,3.1,1.7,0.4,"0","0"
"Assam","Rural","95-100%",14.1,20.9,31.9,23,6.9,2.7,0.3,0.2,"0","0"
"Assam","Urban","0-5%",0,1.6,2.8,19.9,31.6,16.8,11.5,1.6,"6","8.2"
"Assam","Urban","5-10%",0,0,7,25.1,29.3,16.8,7.1,8.1,"4.1","2.6"
"Assam","Urban","10-20%",0.3,0.8,8,32.2,31.6,16.5,4.5,2.6,"0.9","2.6"
"Assam","Urban","20-30%",0.4,4.2,19.2,38.7,17.7,12,3.2,3.2,"0.8","0.6"
"Assam","Urban","30-40%",1.9,6,18.6,38.6,21.3,6.5,2.2,1.5,"0.9","2.4"
"Assam","Urban","40-50%",0,5.8,27,38.6,17.2,8.3,2,0.3,"0","0.8"
"Assam","Urban","50-60%",3.4,12,28.8,39.1,12.1,1.4,2.1,0.3,"0.7","0.2"
"Assam","Urban","60-70%",2.8,12.9,28.3,36.1,11.9,5.2,0.7,0,"1","1.1"
"Assam","Urban","70-80%",7.2,18.1,29.4,30.6,7.3,5.4,0.7,0.5,"0","0.8"
"Assam","Urban","80-90%",12.6,17.7,34.3,21.1,10.8,2,0.7,0.4,"0","0.4"
"Assam","Urban","90-95%",15.9,31.7,33.3,15.1,3,0,0,1,"0","0"
"Assam","Urban","95-100%",48.9,19.7,14.2,13.6,2.8,0.9,0,0,"0","0"
"Bihar","Rural","0-5%",0.1,1.8,1.9,4.8,14,21,16.1,15,"7.9","17.3"
"Bihar","Rural","5-10%",0.1,1.4,4.9,8,18.1,25.9,17,10.2,"4.8","9.6"
"Bihar","Rural","10-20%",0.3,2.2,3,10,25.3,24.3,13.9,9.3,"4.2","7.4"
"Bihar","Rural","20-30%",0.1,1.7,4,16.5,29.2,20,12.6,6.4,"3.7","5.8"
"Bihar","Rural","30-40%",0.3,2.4,5.2,17.5,28.5,21.8,11.3,6.7,"2.8","3.4"
"Bihar","Rural","40-50%",0.1,3.9,6.9,19,27,20.4,11.4,5.5,"2.5","3.3"
"Bihar","Rural","50-60%",0.6,4.5,10.4,23,26.3,19.1,7.4,4.1,"1.9","2.8"
"Bihar","Rural","60-70%",0.6,7.1,15.4,24.6,24.7,14.1,7.5,3.3,"1.2","1.5"
"Bihar","Rural","70-80%",0.9,9.9,16.9,25.8,24.8,12.1,5.7,1.9,"0.7","1.3"
"Bihar","Rural","80-90%",1.7,14.9,20.6,26.4,22,8.8,2.9,1.3,"0.3","1"
"Bihar","Rural","90-95%",3.3,24.2,20.6,25.1,16.6,5.8,1.9,1.5,"0.6","0.5"
"Bihar","Rural","95-100%",6.6,35.2,21.4,20.3,10.3,3.9,1,0.3,"0.6","0.4"
"Bihar","Urban","0-5%",0,0.7,0.8,1.7,18,17.4,19.1,12.6,"9.8","20"
"Bihar","Urban","5-10%",0,0.7,0.7,11,28.1,21.4,18.5,4.3,"6.7","8.7"
"Bihar","Urban","10-20%",0.9,2.1,3.8,12.5,23.7,21.5,13.8,9.3,"3.6","8.9"
"Bihar","Urban","20-30%",0,2.2,6.4,15.7,25.9,22.8,10.5,7.5,"2.6","6.4"
"Bihar","Urban","30-40%",1,2.4,9,21.5,25.2,19.4,10.7,5.2,"2.5","3.2"
"Bihar","Urban","40-50%",0.1,4.6,9.9,24.1,25,18.2,5.9,5,"3.7","3.5"
"Bihar","Urban","50-60%",0.3,6,11.4,19.9,32.1,14.3,7.9,2.7,"2.8","2.7"
"Bihar","Urban","60-70%",0.2,7.2,13.4,25.7,27.2,14.6,5.3,2,"2.6","1.7"
"Bihar","Urban","70-80%",1,9.8,13.2,31.4,23.6,13.1,4.6,1.5,"0.7","1.2"
"Bihar","Urban","80-90%",4.1,18.8,16.2,31.2,14.2,8.6,2.5,2.2,"0.9","1.4"
"Bihar","Urban","90-95%",9.5,18.9,14.6,32.8,15,5.4,1.1,1.5,"0","1"
"Bihar","Urban","95-100%",27.2,21.3,18.1,21.8,8.6,2.3,0.3,0,"0","0.5"
"Chhattisgarh","Rural","0-5%",9,0.7,2.7,11.3,14.1,19,16.9,6.9,"11.8","7.5"
"Chhattisgarh","Rural","5-10%",0,5.3,5.8,22.8,20.4,15.6,16.8,6.8,"3.3","3.1"
"Chhattisgarh","Rural","10-20%",2.1,6.4,6.1,18.4,21.4,18.9,14.7,6.1,"2.1","3.8"
"Chhattisgarh","Rural","20-30%",2.2,7.2,13.5,20.3,21.5,14.8,9.7,7.6,"2.5","0.6"
"Chhattisgarh","Rural","30-40%",5.3,10.1,6.6,19.9,29.6,12.7,9.2,2.9,"1.8","2"
"Chhattisgarh","Rural","40-50%",3.8,9.3,13.4,20.4,19.6,15.9,6.7,5.3,"0.7","4.9"
"Chhattisgarh","Rural","50-60%",6.6,6.8,12.2,25.5,17.9,17.4,6.6,3.8,"1.9","1.2"
"Chhattisgarh","Rural","60-70%",6.8,9.6,12.3,29,27.2,6.9,4.2,1.5,"0.9","1.6"
"Chhattisgarh","Rural","70-80%",5.9,15.8,16.8,29.4,16.7,6,4.3,3.3,"0.7","1.1"
"Chhattisgarh","Rural","80-90%",7.1,16.8,18.6,25.9,18.7,6.7,2.3,0.9,"1.4","1.6"
"Chhattisgarh","Rural","90-95%",13.9,19.2,12.6,26.2,13.6,7.6,2.8,0.4,"1.5","2.3"
"Chhattisgarh","Rural","95-100%",29.8,21,15.3,16.9,12,2.4,1.3,0.5,"0.7","0"
"Chhattisgarh","Urban","0-5%",2.1,7,5,13.7,27.4,12.3,11.4,5.9,"5.6","9.5"
"Chhattisgarh","Urban","5-10%",3.8,7.2,5.8,12.7,24.5,13,14.1,14.6,"3.2","1"
"Chhattisgarh","Urban","10-20%",3.5,7.1,10.3,31.1,25.6,12.3,5.3,1.1,"2","1.7"
"Chhattisgarh","Urban","20-30%",0.9,8,17.3,27.9,23.5,9.6,7.6,2.5,"1.8","0.9"
"Chhattisgarh","Urban","30-40%",4.5,7.3,10.8,33,23.6,8.1,6.8,4.1,"0.6","1.2"
"Chhattisgarh","Urban","40-50%",11.5,3.6,9.2,38.1,17.7,11.9,4.8,2.3,"0","0.8"
"Chhattisgarh","Urban","50-60%",9.6,8.9,15.3,31.4,18.8,9.5,3.6,1.6,"0.4","1"
"Chhattisgarh","Urban","60-70%",9.6,8.2,14.9,37.1,11.9,7.7,3.5,2.7,"1","3.4"
"Chhattisgarh","Urban","70-80%",4,13.2,24.1,29.7,16.3,5.3,4.2,2,"1","0.3"
"Chhattisgarh","Urban","80-90%",8.5,19.5,21.5,24.6,18.8,4.2,1.9,0.5,"0.2","0.3"
"Chhattisgarh","Urban","90-95%",12.6,19,17.8,28.5,11.6,5.7,2.5,1.6,"0","0.8"
"Chhattisgarh","Urban","95-100%",36.2,15.2,20.7,17.9,7.5,1.6,0.9,0,"0","0"
"Delhi","Rural","0-5%",10.1,0,8.6,0,10.1,10.3,43.4,7.6,"0","10.1"
"Delhi","Rural","5-10%",0,0,8.3,0,59.3,29.2,0,3.3,"0","0"
"Delhi","Rural","10-20%",0,0,4.3,21.7,39.8,20,2.6,5.6,"3.7","2.2"
"Delhi","Rural","20-30%",0,0,2.4,63.3,0,17.1,11.8,0,"0","5.3"
"Delhi","Rural","30-40%",0,5.1,14.7,28.4,23.3,13.3,8.4,3.3,"0","3.4"
"Delhi","Rural","40-50%",0,7.2,15.7,26.3,14.2,15.6,17.3,3.7,"0","0"
"Delhi","Rural","50-60%",4.8,2.3,28.7,18.8,19.9,16.5,3.7,0,"2.5","2.7"
"Delhi","Rural","60-70%",1.4,15.9,24,13.3,10.1,24.9,4.7,0,"0","5.6"
"Delhi","Rural","70-80%",3.7,15.1,16.2,7.3,37.9,8.2,0,0,"11.6","0"
"Delhi","Rural","80-90%",5.9,16.6,6.4,41.8,23.2,6.2,0,0,"0","0"
"Delhi","Rural","90-95%",5.6,5,32.2,47.5,5.8,4,0,0,"0","0"
"Delhi","Rural","95-100%",19.4,26.2,30.8,23.5,0,0,0,0,"0","0"
"Delhi","Urban","0-5%",0.4,0.4,0,5.8,17,24.6,18.4,14.8,"6.3","12.4"
"Delhi","Urban","5-10%",0,1.6,1.4,23.6,22.9,23.9,11.3,6.4,"4.9","4"
"Delhi","Urban","10-20%",0.1,0.7,3.1,28.6,36.6,15.3,9.7,3.4,"0.3","2.1"
"Delhi","Urban","20-30%",0.8,2.4,6.6,44.7,26.9,10.3,4.2,1.7,"1.8","0.6"
"Delhi","Urban","30-40%",0.8,6.4,13.5,34.7,26.8,12.5,3.3,0.6,"1.4","0"
"Delhi","Urban","40-50%",1.8,4.6,17.7,35.8,25.3,8.2,4.1,2.5,"0","0"
"Delhi","Urban","50-60%",1.8,13.5,19.4,35.1,14.6,9.6,2.2,1.7,"0.8","1.3"
"Delhi","Urban","60-70%",4.3,11.6,18.5,35.9,17.9,9.6,1.9,0.1,"0.2","0"
"Delhi","Urban","70-80%",8,20.2,19,33.7,12,3.7,1.5,0.8,"0","1"
"Delhi","Urban","80-90%",19.3,18.5,28.1,21,9.1,2,0.9,0.7,"0","0.4"
"Delhi","Urban","90-95%",16.4,26.2,16,33,7,1.3,0,0,"0","0"
"Delhi","Urban","95-100%",41.7,11.7,17.3,23.5,2.9,2.8,0.1,0,"0","0"
"Goa","Rural","0-5%",1,0,10.6,30.9,31.9,17.2,0,8.4,"0","0"
"Goa","Rural","5-10%",9.2,0,0,18.5,40.8,15.5,0,0,"7.9","8"
"Goa","Rural","10-20%",0,7.5,12.4,23.8,32.4,12.4,0,7.3,"0","4.2"
"Goa","Rural","20-30%",3.5,15.3,10.2,19.1,17.5,17.8,8.5,3.6,"0","4.3"
"Goa","Rural","30-40%",0,15.1,8.1,26.9,19.4,10,5.1,0,"3.9","11.6"
"Goa","Rural","40-50%",0,4.7,7.8,42.2,15.7,22.6,3.5,0,"0","3.4"
"Goa","Rural","50-60%",0,9.8,36.2,17.5,29,7.6,0,0,"0","0"
"Goa","Rural","60-70%",0,10,24.3,43.4,13.5,7.3,0,1.6,"0","0"
"Goa","Rural","70-80%",10.1,14.4,24.7,27.1,16.5,1.7,2.6,3,"0","0"
"Goa","Rural","80-90%",5.3,13.3,47.3,27.2,7.1,0,0,0,"0","0"
"Goa","Rural","90-95%",4.2,29.4,42.7,21.6,2.2,0,0,0,"0","0"
"Goa","Rural","95-100%",20,28,18.2,27.8,3.9,2.1,0,0,"0","0"
"Goa","Urban","0-5%",0,25.4,0,0,29.5,30.5,14.7,0,"0","-"
"Goa","Urban","5-10%",20.2,8.5,6.4,5.8,32.2,12.4,0,14.5,"0","-"
"Goa","Urban","10-20%",0,25.4,4.4,24.5,29.9,13.8,2,0,"0","-"
"Goa","Urban","20-30%",12,0,13.3,44.5,8.3,4.7,4.7,6.2,"6.3","-"
"Goa","Urban","30-40%",2.1,0,17.6,34.7,32.4,4.8,5.1,3.2,"0","-"
"Goa","Urban","40-50%",6.4,0,16.6,45.9,9.2,21.8,0,0,"0","-"
"Goa","Urban","50-60%",3,10.1,37.3,24.5,23,0,0,2,"0","-"
"Goa","Urban","60-70%",18.1,1.6,23.3,44.8,5.4,1.9,0,2.6,"2.4","-"
"Goa","Urban","70-80%",17.6,15.3,22.6,36,7,0,1.5,0,"0","-"
"Goa","Urban","80-90%",21,4.4,24.1,44.5,2.2,0,0,3.8,"0","-"
"Goa","Urban","90-95%",37.3,9.8,27.9,22.5,2.4,0,0,0,"0","-"
"Goa","Urban","95-100%",31.6,30.6,17,9.4,11.5,0,0,0,"0","-"
"Gujarat","Rural","0-5%",0,2.6,3.7,7.1,13.7,21.4,11.9,13.3,"9.5","16.6"
"Gujarat","Rural","5-10%",0,4.2,1.9,14,14,29.6,16.4,8.5,"4.7","6.8"
"Gujarat","Rural","10-20%",0.8,2.6,6.1,13.2,20.3,22.2,14.8,8.3,"4.1","7.5"
"Gujarat","Rural","20-30%",0.5,4.9,6.1,16.4,24.1,18.9,14.1,6.6,"3.3","5.1"
"Gujarat","Rural","30-40%",0.8,4.4,6.4,17.3,23.4,22.3,14.2,6.3,"1.1","3.8"
"Gujarat","Rural","40-50%",1.4,10.1,9.1,20,24.9,15.9,7.2,6.2,"3","2"
"Gujarat","Rural","50-60%",1.4,7.6,11.7,21.2,25,17.5,6.3,4.5,"1","3.9"
"Gujarat","Rural","60-70%",2.2,9.1,12.9,24,19.9,16.3,7,3.4,"2.8","2.4"
"Gujarat","Rural","70-80%",7.2,10,12.3,25.8,21.2,14.7,4.3,1.8,"1.3","1.3"
"Gujarat","Rural","80-90%",6.5,17.5,22.1,23.6,14.6,7.8,3.4,2.2,"1.1","1.1"
"Gujarat","Rural","90-95%",8.1,17.9,21.7,23.7,15.6,8.2,2.2,1.2,"0.3","1.2"
"Gujarat","Rural","95-100%",22,25,18.2,17.6,9.8,5,0.8,0.9,"0.5","0.2"
"Gujarat","Urban","0-5%",1.5,2,2.9,13.4,18.9,24.2,16,11.6,"2.5","7"
"Gujarat","Urban","5-10%",0.5,1.2,7.2,18.2,23.4,21.3,10.1,8.4,"1.7","8.2"
"Gujarat","Urban","10-20%",2.1,4.6,8.1,21.6,27.6,17.5,7.6,5.7,"1.8","3.3"
"Gujarat","Urban","20-30%",5.3,5,12.6,20.7,25.3,14.3,7.5,3.7,"2.1","3.6"
"Gujarat","Urban","30-40%",4,6.6,11,32.6,26.2,11.2,2.7,3.6,"1.1","1.2"
"Gujarat","Urban","40-50%",3.3,6.3,12.1,32.6,24.1,11.3,5.4,2.4,"0.7","1.9"
"Gujarat","Urban","50-60%",3.6,10.2,16.7,34.1,18.4,9.8,2.5,1.7,"2.2","0.8"
"Gujarat","Urban","60-70%",7.1,11.3,20,33.1,16.1,6.1,2,2.2,"1.7","0.6"
"Gujarat","Urban","70-80%",14.6,13.9,22.6,27.6,12.5,4.5,1.2,1.2,"0.4","1.5"
"Gujarat","Urban","80-90%",22.1,16.7,20.5,24.5,10.8,3.2,0.7,0.5,"0.5","0.6"
"Gujarat","Urban","90-95%",29.6,19.7,19.5,17.4,7.3,4.8,0.5,1.1,"0","0.3"
"Gujarat","Urban","95-100%",34.7,20,17.3,12.7,11.5,3,0.3,0.2,"0.3","0"
"Haryana","Rural","0-5%",0,2,3.8,17.1,19.4,18.9,16,8.9,"5.2","8.8"
"Haryana","Rural","5-10%",0,3.8,5.4,12.8,32.7,9.4,16.3,4.5,"5.6","9.6"
"Haryana","Rural","10-20%",0,3.2,6.5,18.4,24.7,20.7,12.2,7.3,"3.7","3.4"
"Haryana","Rural","20-30%",0,4.3,7.4,22.5,21.8,16.8,13.5,5.8,"4.8","3.2"
"Haryana","Rural","30-40%",0.7,5.8,10.6,23.4,25.5,16.4,7.8,4.6,"2.8","2.2"
"Haryana","Rural","40-50%",0.8,4.9,11,26.2,26.2,14.3,6.6,3.9,"4.4","1.8"
"Haryana","Rural","50-60%",0.6,5.4,10.6,21.7,27.9,13.4,11.7,2.5,"3.1","3.1"
"Haryana","Rural","60-70%",1.2,7,12.2,31,21.3,14.5,6.1,2.9,"2.1","1.6"
"Haryana","Rural","70-80%",2.3,5,13.9,30.8,26.8,13.8,1.9,0.6,"2.5","2.5"
"Haryana","Rural","80-90%",3.7,9,18.6,34.8,16.2,11.6,1.4,0.4,"2.8","1.7"
"Haryana","Rural","90-95%",3,19.6,21.3,32.3,13.9,6.6,1.5,0,"1.3","0.4"
"Haryana","Rural","95-100%",8.9,20,24.1,23.2,10.1,8.2,2.9,2,"0","0.6"
"Haryana","Urban","0-5%",0,3.3,0.7,6,28.7,26.4,13.1,9,"3.1","9.8"
"Haryana","Urban","5-10%",0,3.6,9.4,20.4,20.2,24.5,3,10.7,"4.6","3.5"
"Haryana","Urban","10-20%",0,3.6,9.6,26,21.4,23.1,6.9,4.1,"2.3","2.9"
"Haryana","Urban","20-30%",0.7,2.1,10.6,33.5,17.8,21.4,6.9,2.3,"2.5","2.2"
"Haryana","Urban","30-40%",0.3,1.7,16.2,31.6,19.2,14.9,10.1,2.5,"2.5","1.1"
"Haryana","Urban","40-50%",0.8,10.4,12.2,29.6,19.5,18.8,2.5,1.9,"1.5","2.8"
"Haryana","Urban","50-60%",2.4,8.5,21.7,36.3,19.5,9,1.5,0.3,"0.3","0.7"
"Haryana","Urban","60-70%",1.7,12.2,15.1,35.7,20.7,9.6,3.1,0.3,"1.2","0.4"
"Haryana","Urban","70-80%",8.3,13.6,21.3,28.2,16.6,7.6,2.9,0.5,"0.2","0.8"
"Haryana","Urban","80-90%",10.7,19.6,14,26.7,17.6,6.9,1.6,1.4,"0.3","1.3"
"Haryana","Urban","90-95%",19.8,17.9,22.1,24.2,12.1,3.6,0,0.3,"0","0"
"Haryana","Urban","95-100%",43.9,20.4,12.2,15.4,5.6,2,0,0,"0.5","0"
"Himachal Pradesh","Rural","0-5%",0,4,7.7,12.4,30.9,21.6,14,3.6,"3.2","2.6"
"Himachal Pradesh","Rural","5-10%",0,1.2,13.1,24.4,29.3,17.8,8.4,3.3,"0","2.5"
"Himachal Pradesh","Rural","10-20%",0.6,6.9,7.7,25.4,28.8,11.3,12.3,3.8,"2.5","0.7"
"Himachal Pradesh","Rural","20-30%",1.2,3.2,14,30.7,29.1,13,3.9,2.1,"0.7","2.2"
"Himachal Pradesh","Rural","30-40%",0.8,9,20,26.8,22.5,10.2,5.3,3.3,"1.3","0.8"
"Himachal Pradesh","Rural","40-50%",5,13.3,19,29.8,15.4,11.7,2.6,1.4,"0.9","0.8"
"Himachal Pradesh","Rural","50-60%",7.5,12.7,22.3,25.7,18.2,6.7,1.6,2.2,"0.7","2.3"
"Himachal Pradesh","Rural","60-70%",7.8,13.7,21.3,28.5,10.7,12.1,1.9,2.5,"0.8","0.7"
"Himachal Pradesh","Rural","70-80%",6.8,17,26.5,27.1,8,9.8,2.9,0.8,"0.8","0.3"
"Himachal Pradesh","Rural","80-90%",17.3,22.8,18.8,17.6,10.7,7.8,2.6,0.9,"0.9","0.7"
"Himachal Pradesh","Rural","90-95%",29.8,22.6,28.3,10.3,7.2,0.6,0,0,"0","1.1"
"Himachal Pradesh","Rural","95-100%",76.7,15.5,2.3,3.1,1,0,1.3,0,"0","0"
"Himachal Pradesh","Urban","0-5%",42.1,2.4,8.6,10.4,9.5,20.1,2.1,2.1,"0","2.7"
"Himachal Pradesh","Urban","5-10%",4,8.7,9.9,13.6,29.8,13.6,14.6,5.9,"0","0"
"Himachal Pradesh","Urban","10-20%",18.3,17.6,11.9,11.4,28.3,5.4,4.1,1.4,"1.6","0"
"Himachal Pradesh","Urban","20-30%",9.2,4.6,10.5,41.4,17.5,8.7,7.2,0,"0","0.9"
"Himachal Pradesh","Urban","30-40%",16.5,10.9,9.3,36.9,15.4,10.2,0.9,0,"0","0"
"Himachal Pradesh","Urban","40-50%",10.7,21,26.9,19.8,16.2,2.3,0.4,1.8,"0.8","0"
"Himachal Pradesh","Urban","50-60%",4.3,25.8,26.5,22,14.8,2.3,2.3,0,"0.8","1.3"
"Himachal Pradesh","Urban","60-70%",19.2,23.2,20,26.9,5.5,2.8,0,1.1,"0","1.4"
"Himachal Pradesh","Urban","70-80%",35,14.5,24.8,21.3,2.5,0,1.6,0.3,"0","0"
"Himachal Pradesh","Urban","80-90%",53.1,16.3,17.3,6.3,5.8,1.1,0,0,"0","0"
"Himachal Pradesh","Urban","90-95%",65.2,13.2,9.7,11.5,0.4,0,0,0,"0","0"
"Himachal Pradesh","Urban","95-100%",80.1,11.3,4.3,2.8,1.5,0,0,0,"0","0"
"Jharkhand","Rural","0-5%",0.9,3.5,4.1,5.4,11.5,22.8,24,11.1,"8","8.8"
"Jharkhand","Rural","5-10%",3.5,1.6,3.7,9.6,18.8,26.7,18.8,7,"4.9","5.5"
"Jharkhand","Rural","10-20%",1.4,5,9.1,14.7,25.7,20.3,12.1,3.9,"2.7","5.1"
"Jharkhand","Rural","20-30%",1.4,5.7,9,17.8,24.2,19.1,8.5,7.5,"1.4","5.4"
"Jharkhand","Rural","30-40%",1.2,5.1,10.4,20.3,26.5,17,9.6,3.7,"3.7","2.5"
"Jharkhand","Rural","40-50%",1.6,5.1,11.2,25.1,25.8,19.7,5.6,3.5,"1","1.4"
"Jharkhand","Rural","50-60%",1.2,9.1,14,23.2,25.6,15.6,6.8,1.6,"0.6","2.2"
"Jharkhand","Rural","60-70%",1.7,11.4,12.2,30.5,21.7,11.1,4.6,2.2,"2.2","2.6"
"Jharkhand","Rural","70-80%",1.6,11.8,15.4,26.7,20.8,11.7,6.4,3.2,"0.5","2"
"Jharkhand","Rural","80-90%",2.5,11,18,27.2,19,10.6,5.8,2,"0.6","3.5"
"Jharkhand","Rural","90-95%",8,18,18.5,27.7,16.3,5.5,3.7,1.1,"0.4","0.8"
"Jharkhand","Rural","95-100%",12.1,19.2,20.9,24.5,17.7,2.4,0.9,1.1,"0.3","1"
"Jharkhand","Urban","0-5%",0.8,3.2,8.6,7.9,24.1,25.6,10.9,4.6,"4.5","9.8"
"Jharkhand","Urban","5-10%",0.8,1.5,3.9,23.5,24.6,17.3,7.8,6.9,"3.3","10.3"
"Jharkhand","Urban","10-20%",1.5,5.4,5.2,24.3,20.4,20.8,9.3,4.3,"1.9","6.7"
"Jharkhand","Urban","20-30%",0.3,3,14.9,21.6,22.3,11.4,10.7,6.9,"1.6","7.4"
"Jharkhand","Urban","30-40%",7.7,3.7,13.9,30.3,20.8,11.5,6,3.4,"0.1","2.5"
"Jharkhand","Urban","40-50%",6,6.1,11.5,28.9,21.5,13,6.2,3,"1.3","2.6"
"Jharkhand","Urban","50-60%",7.2,9.8,17.2,23.4,21.3,9.9,5.6,1.2,"1.1","3.3"
"Jharkhand","Urban","60-70%",5.7,9.5,18.7,30.5,21.8,6.1,2.2,2.9,"2.2","0.4"
"Jharkhand","Urban","70-80%",10.1,13.5,16.5,28.4,19,6.5,3.1,0.8,"0.4","1.7"
"Jharkhand","Urban","80-90%",15.5,11.3,21.5,29.9,8.7,8.5,2.8,0.7,"0.9","0.3"
"Jharkhand","Urban","90-95%",19.4,22.9,17.5,28.4,7.7,3.3,0.3,0,"0.5","0"
"Jharkhand","Urban","95-100%",26.3,20.4,24.9,16.3,6.9,2,0.6,1.1,"0.5","1"
"Karnataka","Rural","0-5%",3.5,3.4,2,9.4,16.1,17.8,15.7,9.2,"8.4","14.6"
"Karnataka","Rural","5-10%",1.8,4.6,4.8,14.9,20.4,17.6,10.5,8.8,"3.7","12.9"
"Karnataka","Rural","10-20%",6.7,6.5,8,14.8,23.5,17.9,10.3,5.2,"2.2","5"
"Karnataka","Rural","20-30%",9.6,5,8.7,18.9,23,17.1,6.9,3.3,"2.2","5.4"
"Karnataka","Rural","30-40%",3.1,8.3,13.4,25.2,22.9,13.1,6.5,4,"2","1.5"
"Karnataka","Rural","40-50%",5.3,8.6,14.4,30,23.6,11.2,3.6,1,"0.5","1.6"
"Karnataka","Rural","50-60%",8.1,10.8,17.6,28.6,18.2,8.7,3.4,1.4,"1","2"
"Karnataka","Rural","60-70%",5.4,11,20.4,29.8,18.1,8.3,2.1,2.3,"0.5","2.2"
"Karnataka","Rural","70-80%",8.2,15.8,23.8,28.4,13.1,5.9,2.6,0.7,"0.6","0.9"
"Karnataka","Rural","80-90%",7.5,16.5,26.6,28,13.6,5.2,1.2,0.3,"0.2","0.6"
"Karnataka","Rural","90-95%",9.8,25.8,21.3,27.5,10.6,2.6,1.5,0.2,"0.2","0.5"
"Karnataka","Rural","95-100%",21.2,28.8,22.3,17.8,6.7,2.7,0.1,0,"0.2","0.3"
"Karnataka","Urban","0-5%",3.9,3.2,4.3,10.9,20.8,19,9.8,11.6,"3.3","13.2"
"Karnataka","Urban","5-10%",4.1,4.5,8.7,15.6,26.8,15.4,11.2,5.7,"2.8","5.2"
"Karnataka","Urban","10-20%",3.9,4.7,11.1,23,29.3,16.9,4.3,2.6,"1.2","3"
"Karnataka","Urban","20-30%",3.2,6.7,14.2,31.9,23.6,11.3,4.9,1.4,"0.6","2.1"
"Karnataka","Urban","30-40%",6.6,9.1,20.4,26.2,26.2,7,2.4,1.7,"0.1","0.5"
"Karnataka","Urban","40-50%",8.1,8.4,25.3,28.6,17,6.9,2.3,1.1,"2","0.3"
"Karnataka","Urban","50-60%",15.7,11,20.2,31.1,15.6,4.5,1.2,0.3,"0.1","0.2"
"Karnataka","Urban","60-70%",12.2,18.2,25.5,28.7,11.1,3.2,0.6,0.5,"0","0.1"
"Karnataka","Urban","70-80%",14,16.3,27.9,30.2,7.5,3.1,0.5,0.1,"0.4","0"
"Karnataka","Urban","80-90%",22,23.6,23.7,22.7,5.1,2.2,0.5,0,"0.1","0"
"Karnataka","Urban","90-95%",39.7,24.8,20.1,12.9,1,1.5,0,0,"0","0"
"Karnataka","Urban","95-100%",59.5,19.3,11,8.9,1.2,0.1,0,0.1,"0","0"
"Kerala","Rural","0-5%",6.5,4.2,8,21.3,21.1,18.6,7.5,4,"4","4.8"
"Kerala","Rural","5-10%",1.7,5.8,9.7,17.8,21.7,22.9,10.5,4.5,"1.9","3.5"
"Kerala","Rural","10-20%",1.9,7.2,13,24.1,21.5,17.7,9.4,2.9,"1.4","0.9"
"Kerala","Rural","20-30%",2.2,7.5,14.4,26.8,25.2,16.5,2.8,2.9,"1.4","0.3"
"Kerala","Rural","30-40%",3.5,10.2,16.4,26.3,23.7,13.4,4,1.8,"0.6","0"
"Kerala","Rural","40-50%",3.3,14,21.3,24.8,19.9,10.6,3.8,1.9,"0.3","0.2"
"Kerala","Rural","50-60%",3.2,13.6,22.9,28.1,18.8,8.4,3.2,1.4,"0","0.3"
"Kerala","Rural","60-70%",5.7,16.6,25,27.3,13.4,7.7,3.5,0.3,"0","0.5"
"Kerala","Rural","70-80%",7.4,18.5,25.7,29.1,11.8,4.3,1.4,1.5,"0.2","0.2"
"Kerala","Rural","80-90%",7.3,27.4,26.5,21.9,10.7,4.6,1.5,0.2,"0","0"
"Kerala","Rural","90-95%",14.8,33.8,25.4,13.5,8.2,3.1,0.4,0.8,"0","0"
"Kerala","Rural","95-100%",20.1,38.7,19.7,12,5.6,2.6,1.3,0,"0","0"
"Kerala","Urban","0-5%",5.2,3.9,8.6,15.4,24.3,18.3,6.8,2,"5.4","10.1"
"Kerala","Urban","5-10%",1,8.8,12.5,19.1,28.9,17.1,4.8,0.7,"2.8","4.4"
"Kerala","Urban","10-20%",2.1,8.8,8.8,23.2,31,9.9,7.3,1.7,"4.4","2.8"
"Kerala","Urban","20-30%",2.1,8.8,15.9,26.9,24.4,12.3,6.4,1.3,"0.9","1"
"Kerala","Urban","30-40%",3.7,10.7,18.1,30.1,24.9,9.3,2,0.9,"0","0.3"
"Kerala","Urban","40-50%",4.8,14,17.6,32,21,7.6,1.8,1.2,"0","0"
"Kerala","Urban","50-60%",5.7,17.4,23.9,27.6,16.8,5.8,2,0.9,"0","0"
"Kerala","Urban","60-70%",6.6,22.2,27,28.5,10.7,3.3,1.5,0.3,"0","0"
"Kerala","Urban","70-80%",15,19.6,23.3,25.2,11.9,4.1,0.7,0,"0.2","0"
"Kerala","Urban","80-90%",23.8,24.2,21.3,17.5,7.4,3.8,0.7,1,"0.2","0"
"Kerala","Urban","90-95%",26.7,31.1,22,12.7,7.2,0.3,0,0,"0","0"
"Kerala","Urban","95-100%",45.3,24.7,17.1,8.1,1.9,2,1,0,"0","0"
"Madhya Pradesh","Rural","0-5%",1.1,0.6,3,7,16.8,21.5,17.6,11.9,"6.7","13.9"
"Madhya Pradesh","Rural","5-10%",0.6,6.1,3.5,10.9,21.5,25.7,11.8,8.1,"5.6","6.2"
"Madhya Pradesh","Rural","10-20%",1.1,6.2,5.5,15.1,22.6,22.2,11.8,6.5,"2.3","6.8"
"Madhya Pradesh","Rural","20-30%",1.2,4.9,6.3,19.6,25.5,18,10.8,6.7,"4.1","3"
"Madhya Pradesh","Rural","30-40%",1.5,7.2,9.2,23.2,24.1,16.5,7.8,4,"1.7","4.6"
"Madhya Pradesh","Rural","40-50%",2.3,8.9,9,24.6,22.7,16.7,8.5,2.3,"2.2","2.8"
"Madhya Pradesh","Rural","50-60%",2.6,10.4,11,28.5,22.5,12.4,6,3.3,"1.1","2.2"
"Madhya Pradesh","Rural","60-70%",2.6,11,15,28.8,20.8,11.6,4.2,2.2,"1.9","1.8"
"Madhya Pradesh","Rural","70-80%",3.7,11.6,16,31.2,18.1,9.7,3.3,2.4,"1.3","2.5"
"Madhya Pradesh","Rural","80-90%",5.9,18.2,17.9,24.4,16,8.7,4.1,1.6,"0.6","2.6"
"Madhya Pradesh","Rural","90-95%",8.7,19.7,19.4,24.4,12.6,8.5,3.2,1.6,"1.2","0.7"
"Madhya Pradesh","Rural","95-100%",13.7,20.5,15.4,24.4,13.6,7,2.4,1.2,"1","0.9"
"Madhya Pradesh","Urban","0-5%",1.8,1.5,1.8,7.3,16.7,19.9,12.8,10.3,"9.1","18.7"
"Madhya Pradesh","Urban","5-10%",1.6,3.4,1.9,16,16.5,21.4,13,11.3,"3.5","11.3"
"Madhya Pradesh","Urban","10-20%",3.5,1.9,3.2,14.9,24.8,19,11.6,7.5,"5.8","7.9"
"Madhya Pradesh","Urban","20-30%",0.6,3.8,7.5,28.2,23.2,17.6,6.5,5.3,"2.9","4.6"
"Madhya Pradesh","Urban","30-40%",2,3.2,9.6,28.3,24.1,13.5,6.2,3.6,"3.6","6.1"
"Madhya Pradesh","Urban","40-50%",2.9,5,11.4,31.9,21.8,13.3,4.4,4.1,"1.9","3.3"
"Madhya Pradesh","Urban","50-60%",2.2,8.3,16,33.7,19.5,10,5,1.6,"1.4","2.4"
"Madhya Pradesh","Urban","60-70%",6.1,11.2,13.9,32.6,16.1,10.3,3.2,2,"1.6","3.1"
"Madhya Pradesh","Urban","70-80%",4,12,20.5,34.3,15.4,8.3,2.9,1.1,"0.7","0.7"
"Madhya Pradesh","Urban","80-90%",5.1,14.6,21.9,37.1,14,4.9,1.6,0.2,"0.4","0.2"
"Madhya Pradesh","Urban","90-95%",13.2,20.6,16.1,29,13.8,4.7,2.1,0.2,"0.2","0"
"Madhya Pradesh","Urban","95-100%",47.5,21.5,14.1,12.7,2.2,1.8,0.1,0,"0","0.1"
"Maharashtra","Rural","0-5%",1,4.5,2.9,9.8,14.9,21.4,12.9,11.5,"8.5","12.6"
"Maharashtra","Rural","5-10%",1.1,5.1,5.8,17.8,20.5,24.1,12.9,4.7,"4.1","3.9"
"Maharashtra","Rural","10-20%",1.4,5.8,7.6,24.3,24.4,17.4,7.4,5,"2.5","4.1"
"Maharashtra","Rural","20-30%",2.3,8.2,11.5,24.8,21.8,15.5,7.4,3.4,"3","2.2"
"Maharashtra","Rural","30-40%",4.2,9.6,13.4,26,19.6,13.1,6.5,2.8,"1.6","3.1"
"Maharashtra","Rural","40-50%",3.8,10.7,14.1,26,20.1,15.5,3.5,1.9,"2.4","2"
"Maharashtra","Rural","50-60%",5.1,11.8,15.9,28,19.5,11.6,3.9,1.4,"1.2","1.6"
"Maharashtra","Rural","60-70%",4.7,14,16.1,29.9,17.8,11.3,2.7,1.1,"0.7","1.7"
"Maharashtra","Rural","70-80%",4.8,15.3,19.4,29.4,15.7,9.3,2.3,1.5,"1","1.4"
"Maharashtra","Rural","80-90%",8.6,18,24.3,24.1,12.4,7.4,2.1,0.9,"0.8","1.5"
"Maharashtra","Rural","90-95%",13.8,19.8,21.4,25.8,9.7,4.8,2.2,0.6,"0.7","1.3"
"Maharashtra","Rural","95-100%",23.8,24.4,20.9,20.2,6.2,2.2,0.7,0.3,"0.7","0.5"
"Maharashtra","Urban","0-5%",0.4,3.3,4.8,12.4,19.6,22.8,11.8,9.2,"4.6","11.2"
"Maharashtra","Urban","5-10%",1.1,5.7,8.4,20.2,23.9,19.3,9.6,2.9,"3.3","5.5"
"Maharashtra","Urban","10-20%",2.9,6.2,10.7,26.3,22.4,14.9,5.7,3.8,"3","4.1"
"Maharashtra","Urban","20-30%",1.5,7.2,14.8,28,22.2,12,5.7,3.5,"1.7","3.5"
"Maharashtra","Urban","30-40%",2.7,6.4,15,28.6,24.9,11,5.1,3.5,"1.7","1.1"
"Maharashtra","Urban","40-50%",2.6,6.6,17.9,33,20.8,9.5,4.5,2.6,"1.2","1.3"
"Maharashtra","Urban","50-60%",2.7,10.7,22.5,37.5,14,7.5,2.3,1.4,"0.5","0.9"
"Maharashtra","Urban","60-70%",5,12.1,24.9,35,15.6,4.1,1.7,0.5,"0.4","0.7"
"Maharashtra","Urban","70-80%",8,13.7,23.5,30.7,15.4,6.1,1.5,0.6,"0.4","0.2"
"Maharashtra","Urban","80-90%",16.4,16.8,26.8,27.2,7.3,3.4,0.8,0.5,"0.5","0.4"
"Maharashtra","Urban","90-95%",24.8,20.3,22.4,21.7,8.8,1.5,0.4,0,"0","0"
"Maharashtra","Urban","95-100%",41.5,22.5,17.7,11.4,5.4,1.4,0,0,"0","0.1"
"Manipur","Rural","0-5%",0,5.3,8.5,15.9,19.9,16.1,13.9,11.2,"4.6","4.6"
"Manipur","Rural","5-10%",0,0,2.2,17.8,12.7,12,27.2,14.6,"9.9","3.5"
"Manipur","Rural","10-20%",1,3.2,3.8,15,23,24.4,13.6,8.1,"3.3","4.6"
"Manipur","Rural","20-30%",0.4,2.6,5.2,22.8,27.7,17.7,12.1,6.5,"3.1","1.9"
"Manipur","Rural","30-40%",0.7,5.4,10.7,20.3,26.5,15.2,11.5,7.9,"1.1","0.7"
"Manipur","Rural","40-50%",1.2,5.4,10.5,24.4,27.7,13.9,9,5.5,"1.6","0.8"
"Manipur","Rural","50-60%",1.3,6.8,12.6,26.6,22.4,16.5,8.7,2.7,"1","1.4"
"Manipur","Rural","60-70%",0.3,7.1,21.5,25.2,20.2,12.2,9.1,2.3,"2","0"
"Manipur","Rural","70-80%",1.5,7.3,18.6,30.8,22.5,10.9,5.1,1.3,"0.8","1.3"
"Manipur","Rural","80-90%",2.5,12,23.1,23.5,20.4,11,3,3.6,"0.6","0.4"
"Manipur","Rural","90-95%",3.3,18.7,24.4,32.2,11.8,8,0.7,0.5,"0.4","0"
"Manipur","Rural","95-100%",11.3,21.5,27.3,25.9,10.3,1.9,1.4,0,"0.4","0"
"Manipur","Urban","0-5%",0,6.9,10,25,22.9,14.8,11.3,5.7,"2.1","1.4"
"Manipur","Urban","5-10%",0,2.5,10.1,19.6,22.1,21.5,10.9,7.2,"3.8","2.4"
"Manipur","Urban","10-20%",3,4,10.4,29.1,26.5,16.5,3.9,2,"2","2.6"
"Manipur","Urban","20-30%",1.8,3.6,13.2,25.7,28.2,16.4,4.4,3.8,"0.4","2.5"
"Manipur","Urban","30-40%",2,5.5,14.5,24.1,30.4,13.6,5.6,0.5,"2.8","0.9"
"Manipur","Urban","40-50%",2,5,13.3,30.7,22.5,15.5,6.8,3.1,"0.3","0.9"
"Manipur","Urban","50-60%",1.7,3,19.6,34.5,21.7,10.9,4.6,2.8,"0.5","0.7"
"Manipur","Urban","60-70%",1.7,6.4,13.5,36.8,20.7,12.6,4.7,2.2,"1.1","0.5"
"Manipur","Urban","70-80%",1.4,7.8,18.2,30.9,20.6,12.6,4.5,2.7,"1.1","0.3"
"Manipur","Urban","80-90%",4.7,10.7,26.4,31.9,17,6.6,1.3,0.7,"0.3","0.5"
"Manipur","Urban","90-95%",9.8,12.3,28.3,30.2,12.1,4.7,0.4,0.7,"0.5","1"
"Manipur","Urban","95-100%",25.1,9.2,25.3,25.5,8.3,3.3,2.5,0,"0.8","0"
"Meghalaya","Rural","0-5%",13.8,0,0,0,14.8,10.6,18.9,13.9,"8.4","19.5"
"Meghalaya","Rural","5-10%",2.9,0,3.2,6.8,16.8,9.1,16.5,17.9,"14.1","12.6"
"Meghalaya","Rural","10-20%",7.9,0,3.3,5.8,18.9,18.4,12.1,10,"13.4","10"
"Meghalaya","Rural","20-30%",4.2,0,1.7,14.5,17.9,17.1,16.8,7,"10.4","10.3"
"Meghalaya","Rural","30-40%",0,1.6,4.9,15.2,14.5,21.1,11.9,13.1,"9.4","8.3"
"Meghalaya","Rural","40-50%",1.1,0.5,7.5,19.7,18.4,20.7,14.8,8.9,"4.8","3.5"
"Meghalaya","Rural","50-60%",0.9,0.5,12.5,21.8,17.5,21.2,13.3,5.8,"1.7","4.8"
"Meghalaya","Rural","60-70%",0.7,5.2,15.3,23.9,17.6,14.7,11,6.8,"1.7","3"
"Meghalaya","Rural","70-80%",2.2,8,18.5,21.8,17.5,12.9,8.8,5,"2.6","2.6"
"Meghalaya","Rural","80-90%",0.7,10.4,21.6,25.6,17.5,12,6.6,2.4,"2.7","0.4"
"Meghalaya","Rural","90-95%",7.2,19.4,21.3,20.4,20.4,7.1,1.5,0.9,"1.8","0"
"Meghalaya","Rural","95-100%",19.5,15.4,23.7,22.8,10.1,3.9,2.6,1.4,"0.6","0"
"Meghalaya","Urban","0-5%",0,0,0,1.7,17.2,8.4,12.1,29.2,"12","19.4"
"Meghalaya","Urban","5-10%",0,0,9.5,9.7,18.6,16.9,14.7,8.1,"2.4","19.9"
"Meghalaya","Urban","10-20%",2.1,1.5,7.8,16.9,12.7,27.5,16.2,11.5,"1.7","2.1"
"Meghalaya","Urban","20-30%",0,4.4,11,11.5,14.2,21.8,22.9,6.7,"4","3.5"
"Meghalaya","Urban","30-40%",0,5.5,11.2,15.2,26.1,24.3,7,4.8,"3.5","2.4"
"Meghalaya","Urban","40-50%",0,2.4,14.3,16.2,32.3,21.4,3,5.8,"0.7","3.9"
"Meghalaya","Urban","50-60%",0.4,8.6,18.4,30.7,19.5,10.9,4.4,4.7,"1","1.3"
"Meghalaya","Urban","60-70%",0.9,1.2,29.6,22.7,24.1,7.8,6,4.9,"1.2","1.6"
"Meghalaya","Urban","70-80%",5.3,11,31.8,26.4,13.2,8.8,0.6,1.5,"0.3","1.1"
"Meghalaya","Urban","80-90%",3.5,20.2,25.5,26.7,11.9,5.8,6.4,0,"0","0"
"Meghalaya","Urban","90-95%",12,25.5,23.3,22.4,11.6,1.3,2.4,0,"0","1.4"
"Meghalaya","Urban","95-100%",46.5,17.7,15.2,10.3,3.2,4.1,1.2,0,"0","1.7"
"Mizoram","Rural","0-5%",0,2.8,2.4,6.6,18.9,34.4,14.4,19,"0","1.6"
"Mizoram","Rural","5-10%",0,0,3,6.3,23.3,31.2,24.8,5.6,"4.2","1.6"
"Mizoram","Rural","10-20%",2.5,0,7.4,12.1,33.8,23.9,13.3,3.5,"1.4","2.1"
"Mizoram","Rural","20-30%",0,0,8.3,15.7,32.3,24.2,10,6,"1.4","2.1"
"Mizoram","Rural","30-40%",0,0.7,4,17.2,30.1,33.5,11.1,3.4,"0","0"
"Mizoram","Rural","40-50%",0,1.3,7.4,26.6,35,19.3,5.9,1.9,"2.6","0"
"Mizoram","Rural","50-60%",1.4,1.1,18.1,18.5,25.9,19,8.1,4.3,"0.6","2.9"
"Mizoram","Rural","60-70%",1.1,2.2,13.4,29.3,32.2,9.9,5.7,4.1,"0.3","1.7"
"Mizoram","Rural","70-80%",0,3.4,20.9,27.7,34.7,8.5,3.5,1.3,"0","0"
"Mizoram","Rural","80-90%",0,14.3,27.1,27.8,20.5,4.8,1.8,3,"0.7","0"
"Mizoram","Rural","90-95%",6.9,13.5,33.7,23.5,9.7,8.8,4,0,"0","0"
"Mizoram","Rural","95-100%",35.1,21.5,22.5,12.5,7.5,1,0,0,"0","0"
"Mizoram","Urban","0-5%",0,0,7.3,5.5,23.3,28.6,6.8,9.6,"12.4","6.5"
"Mizoram","Urban","5-10%",0,0,5,18.7,30.6,25.6,8.3,5.1,"4.6","2"
"Mizoram","Urban","10-20%",0,2.3,1.4,16,40.4,24.6,8,3,"2.3","2"
"Mizoram","Urban","20-30%",0,1.2,6.4,20.9,36.6,21.8,5.8,3,"3.2","1.2"
"Mizoram","Urban","30-40%",0,1.8,7.4,23.6,35.8,18.2,8,2.6,"1.7","0.8"
"Mizoram","Urban","40-50%",0,2.1,10.4,30.5,33.1,15.9,4.1,2.3,"1","0.7"
"Mizoram","Urban","50-60%",0.7,5.3,17.3,30.7,21.8,15,5.2,2.3,"1.3","0.5"
"Mizoram","Urban","60-70%",0,4.9,24.3,33.2,27.7,7.8,1.1,1,"0","0"
"Mizoram","Urban","70-80%",0.6,9.4,18.9,41,21.1,5.5,1.9,1,"0.5","0"
"Mizoram","Urban","80-90%",2.5,19.3,26.3,30.9,16.2,2.7,1,0.8,"0","0.3"
"Mizoram","Urban","90-95%",6,21.1,28.2,32,8.8,0.6,2.5,0.7,"0","0"
"Mizoram","Urban","95-100%",30,34.4,16.2,11.8,4.2,2.8,0.7,0,"0","0"
"Nagaland","Rural","0-5%",0,1.2,2.4,5.6,5.1,17.3,10.3,19.2,"14.9","24"
"Nagaland","Rural","5-10%",0,2.7,7.2,5.4,10.5,8.2,27,14.1,"11.2","13.9"
"Nagaland","Rural","10-20%",0,1.7,2.1,2.5,11.5,30.2,25.1,14.3,"4.8","7.8"
"Nagaland","Rural","20-30%",1.5,3.5,0.4,7.5,22.4,25.2,21.5,9.2,"6.7","2.2"
"Nagaland","Rural","30-40%",2.1,3.4,3.2,14.4,24.6,30,14.4,5.7,"1.2","1.1"
"Nagaland","Rural","40-50%",1.9,3.3,10.1,16.6,30.3,20.8,8.8,4,"1.9","2.3"
"Nagaland","Rural","50-60%",0.6,7.4,10.6,21.8,28.5,21,6.5,2.3,"1.3","0"
"Nagaland","Rural","60-70%",2.3,9,18.7,19.7,21.6,21.4,4.3,2.6,"0","0.5"
"Nagaland","Rural","70-80%",5.8,11.7,15.7,26.6,19.7,13.5,3.8,2.9,"0.2","0"
"Nagaland","Rural","80-90%",2.4,12.6,26.6,27.3,13.3,7.3,5.8,3.1,"1.6","0"
"Nagaland","Rural","90-95%",6.9,17.9,30.1,27.2,6.6,8,2.4,0.9,"0","0"
"Nagaland","Rural","95-100%",19.8,39.7,22.1,9.8,6.4,1.9,0,0.3,"0.2","0"
"Nagaland","Urban","0-5%",0,0,3.9,11.2,25.3,32.6,9.6,7.1,"4","6.4"
"Nagaland","Urban","5-10%",0,0,16.5,9.5,33.2,2.2,11.1,10.2,"10.6","6.6"
"Nagaland","Urban","10-20%",0,5.5,6.6,9.5,40,24.5,8.6,2.2,"0.6","2.5"
"Nagaland","Urban","20-30%",0,5.2,12.5,25.1,24.7,13.8,14.7,0,"3","1.1"
"Nagaland","Urban","30-40%",1,9,14.2,26.2,21.4,15.2,9,2.4,"0","1.6"
"Nagaland","Urban","40-50%",0,11.1,18.3,34.5,18.4,10.8,4.7,1,"0.5","0.8"
"Nagaland","Urban","50-60%",1,10.9,14,25.4,32.8,6.9,4.8,4.1,"0","0"
"Nagaland","Urban","60-70%",4.1,10.6,14.5,32,26.9,9,1,0,"0.7","1.1"
"Nagaland","Urban","70-80%",2.1,11.6,18.6,35,25.1,5.3,2.3,0,"0","0"
"Nagaland","Urban","80-90%",5,24.7,22.3,28.7,11.6,5.4,0.2,1.3,"0","0.8"
"Nagaland","Urban","90-95%",21.9,34.4,21.3,13.6,7,0.8,0,1,"0","0"
"Nagaland","Urban","95-100%",48.8,21.1,15.9,9.1,5.1,0,0,0,"0","0"
"Odisha","Rural","0-5%",24,7.3,3.7,8.7,15.6,19.1,11,5.3,"3.7","1.7"
"Odisha","Rural","5-10%",11.9,5.2,9,17.8,21.7,17.5,10.6,2.7,"2.1","1.4"
"Odisha","Rural","10-20%",10,6,12.6,20.5,21.8,15.1,8.3,3.9,"1","0.9"
"Odisha","Rural","20-30%",5.7,8.8,13.5,25,24.5,14.4,5.6,1.1,"0.6","0.8"
"Odisha","Rural","30-40%",7.5,11.6,16.9,24.6,22,8.7,5,1.4,"1.1","1.2"
"Odisha","Rural","40-50%",4.5,11.3,19.8,27.9,19.1,10,3.2,1.9,"0.8","1.6"
"Odisha","Rural","50-60%",2.9,13.2,21.5,30.2,17.5,8.4,3.5,1,"0.8","0.9"
"Odisha","Rural","60-70%",6.2,12.5,21.7,31,17.6,5.3,3.1,1.1,"0.9","0.7"
"Odisha","Rural","70-80%",5.7,18.3,26.8,26.8,12.9,4.3,3.2,1.1,"0.8","0.2"
"Odisha","Rural","80-90%",7.9,19.6,29.1,27.1,9.2,4.6,1.2,0.5,"0.3","0.5"
"Odisha","Rural","90-95%",7.6,19.9,34,22.5,10.5,2.4,1.2,0.7,"0.7","0.4"
"Odisha","Rural","95-100%",15,21.6,31.6,19.3,8.6,1.5,0.9,0.3,"0.3","1"
"Odisha","Urban","0-5%",5.6,7.5,7.1,14.4,27.6,19.6,9.8,1.3,"0","7.1"
"Odisha","Urban","5-10%",0,6.1,10.8,26.7,27.9,18.9,6.2,2.8,"0.7","0"
"Odisha","Urban","10-20%",1.5,9.1,11,32.6,18.1,15.7,5.6,1.7,"2","2.8"
"Odisha","Urban","20-30%",1,6.9,17.6,32.3,20.5,11.5,4,3.3,"0.6","2.4"
"Odisha","Urban","30-40%",1.9,10.2,22.5,30.5,17.6,11.8,4.1,0,"0","1.2"
"Odisha","Urban","40-50%",6,10.3,19,31,18.9,8,3.2,1.6,"1.1","1"
"Odisha","Urban","50-60%",4.6,13.3,19.4,33,16.7,7.8,0.2,1.5,"1.7","1.8"
"Odisha","Urban","60-70%",4.3,10.6,23.9,38.4,9.8,5.8,3.8,3.2,"0","0"
"Odisha","Urban","70-80%",9.8,13.4,30,31.9,10.5,2.1,0.8,1,"0","0.5"
"Odisha","Urban","80-90%",31.7,14.7,19.8,22.4,6.2,3.3,1.4,0,"0.5","0.1"
"Odisha","Urban","90-95%",35.3,12.6,26.6,22.2,2.2,1.1,0,0,"0","0"
"Odisha","Urban","95-100%",40.4,19.5,24.1,13.9,0.7,1.2,0,0,"0","0"
"Punjab","Rural","0-5%",1.2,1.9,4.6,8.9,25.4,31.4,16.9,3.2,"2.8","3.8"
"Punjab","Rural","5-10%",0,2.6,5.1,17.3,25.9,17.6,10.9,12,"1.2","7.5"
"Punjab","Rural","10-20%",0,2.7,6.9,24.7,23.1,23.5,9.4,5.4,"2.8","1.4"
"Punjab","Rural","20-30%",0.1,2.1,7.1,25,30.8,16.2,8.3,7.8,"2","0.7"
"Punjab","Rural","30-40%",0.6,3.3,8.3,27.9,25.9,15.6,8,4.3,"2.9","3.2"
"Punjab","Rural","40-50%",0.6,8.1,10.7,35.3,24.6,14.1,3.7,2.4,"0.5","0"
"Punjab","Rural","50-60%",2.1,4.9,16.5,28.1,27.7,11,5.2,2.5,"0.6","1.4"
"Punjab","Rural","60-70%",1.6,4.5,17.9,32.6,22.6,11.8,3.3,2.8,"1.7","1.1"
"Punjab","Rural","70-80%",3.9,7.9,14.5,36.4,21.5,10.1,2.7,1.6,"1.3","0.2"
"Punjab","Rural","80-90%",2.9,10,23.7,35.4,19.5,6,1.8,0.2,"0.3","0.2"
"Punjab","Rural","90-95%",7.2,20.7,22.5,27,13.6,4.6,2.1,1.8,"0.4","0"
"Punjab","Rural","95-100%",31.3,17.8,19,17,8.1,4.3,0.6,1.3,"0","0.7"
"Punjab","Urban","0-5%",0.1,1.2,0.9,14.4,36.4,20.4,12.7,8.8,"2.1","2.9"
"Punjab","Urban","5-10%",0.1,0.1,3.7,20.6,34.7,24.8,8.3,6,"0.5","1.3"
"Punjab","Urban","10-20%",0.4,1.8,9.1,26.2,32,18,4.9,4.9,"1.8","0.8"
"Punjab","Urban","20-30%",0.6,4.4,10.2,30,25.7,12.6,5.7,6.1,"1.7","2.8"
"Punjab","Urban","30-40%",0.8,3.3,17.8,30.6,25.1,11.7,4.3,0.7,"3.5","2.3"
"Punjab","Urban","40-50%",2.4,5.8,16.3,31.9,23.1,10.2,6.4,1.8,"1.6","0.5"
"Punjab","Urban","50-60%",1.8,9.4,22.7,29.2,21.6,10.1,3.9,0.4,"0.5","0.5"
"Punjab","Urban","60-70%",5.4,9.1,18,27,25.9,7.9,2.8,1.7,"1.6","0.5"
"Punjab","Urban","70-80%",5.8,15.6,22.9,28.4,12.3,10,1.2,2.1,"0.3","1.4"
"Punjab","Urban","80-90%",13.1,21.7,21.8,26.3,12.8,3.2,0.2,0.2,"0.4","0.2"
"Punjab","Urban","90-95%",14.8,25.3,25.5,18.6,9.7,5.7,0.4,0,"0","0"
"Punjab","Urban","95-100%",29.1,22.6,22.4,14,6.9,3.9,0.5,0.6,"0","0"
"Rajasthan","Rural","0-5%",0.7,2.7,3.5,10.8,16.9,23,17.4,8.9,"5.6","10.4"
"Rajasthan","Rural","5-10%",0.7,4.2,4,15.7,21.3,19.4,14.8,6.6,"3.6","9.5"
"Rajasthan","Rural","10-20%",0.8,3.6,7.2,15.1,19.1,19.4,13.1,7.6,"6.4","7.8"
"Rajasthan","Rural","20-30%",0.8,4.8,5.9,18.3,20.5,19.2,11.3,8.1,"3.1","7.9"
"Rajasthan","Rural","30-40%",1.6,5.9,9.4,16.3,19.7,17.6,13.2,5.2,"3.7","7.4"
"Rajasthan","Rural","40-50%",1.5,7.1,8.7,17.8,22.9,18.7,9.9,5.7,"1.9","5.8"
"Rajasthan","Rural","50-60%",1.5,7.4,9,19.4,23.2,17.8,6.9,6.1,"3.3","5.4"
"Rajasthan","Rural","60-70%",2.3,9.8,10.2,23.2,20.6,14.5,7.4,4.1,"3","4.8"
"Rajasthan","Rural","70-80%",2.7,9.5,14.2,26.2,20.3,12.3,5.3,4.3,"1.7","3.6"
"Rajasthan","Rural","80-90%",4.5,12,17.1,24.2,20.3,10.9,5.6,2.2,"1.4","1.8"
"Rajasthan","Rural","90-95%",7.8,12.2,21.7,24.6,18.1,8.6,3.2,1.6,"0.5","1.6"
"Rajasthan","Rural","95-100%",54.2,11.7,9.8,12.1,6.3,3.3,1.4,0.2,"0.6","0.5"
"Rajasthan","Urban","0-5%",1,2.9,4.3,15.1,19,22.4,10.3,6.6,"6.9","11.6"
"Rajasthan","Urban","5-10%",2.7,4.1,4.2,11.5,21.5,16.5,19.5,5.2,"5","9.8"
"Rajasthan","Urban","10-20%",2.5,5.6,5.7,17.4,27.7,16.1,8,4.5,"2.5","10"
"Rajasthan","Urban","20-30%",1.2,3.4,7.1,19.4,21,20.6,10.3,6.1,"5.3","5.5"
"Rajasthan","Urban","30-40%",2,6.2,7.5,21,25,15.1,10.1,5.1,"4.3","3.7"
"Rajasthan","Urban","40-50%",1.9,7.7,13.4,24.8,27.1,10.7,6.9,1.6,"2.3","3.5"
"Rajasthan","Urban","50-60%",2.9,5.9,12,28,24.7,14.1,4.4,3.5,"2.6","1.8"
"Rajasthan","Urban","60-70%",5.1,10.8,13,30.8,18,12.2,5.4,1.4,"0.6","2.6"
"Rajasthan","Urban","70-80%",11.5,10.9,16.4,27.9,16.5,8.4,3.3,1.3,"2.4","1.3"
"Rajasthan","Urban","80-90%",17.7,15.3,20.4,24,13.6,4.6,1.3,2.1,"0.6","0.3"
"Rajasthan","Urban","90-95%",23.8,11.8,18,28.5,10,2.8,0.9,3.1,"0.3","0.8"
"Rajasthan","Urban","95-100%",44.9,19,15.3,12.7,5.5,1.8,0,0,"0.2","0.6"
"Sikkim","Rural","0-5%",0,2.1,2,17.5,24,24.2,20.6,0,"7.5","2.2"
"Sikkim","Rural","5-10%",0,1.6,9.8,16,40.2,16.6,8,6.2,"1.6","0"
"Sikkim","Rural","10-20%",0,1,7.3,27.4,40.3,17.6,3,2.5,"0.9","0"
"Sikkim","Rural","20-30%",0,3.4,14.3,29.5,22.3,18.3,10.8,0,"0.9","0.6"
"Sikkim","Rural","30-40%",0,4.8,20,32.2,22.3,9.2,9,1.8,"0.6","0"
"Sikkim","Rural","40-50%",1.6,4.2,24.1,34.5,24,6.2,3.4,1.9,"0","0"
"Sikkim","Rural","50-60%",0,6.9,23,40.1,20.6,7.9,0.7,0.7,"0","0"
"Sikkim","Rural","60-70%",0.7,5.1,19.5,38.9,18.2,15.6,2,0,"0","0"
"Sikkim","Rural","70-80%",0.8,11.7,29.1,42.6,7.2,6,2.5,0,"0","0"
"Sikkim","Rural","80-90%",3.9,17.4,40,22.8,11.8,2.5,1,0,"0.7","0"
"Sikkim","Rural","90-95%",15.8,21,32.4,21.2,4.8,4.9,0,0,"0","0"
"Sikkim","Rural","95-100%",46.1,22.9,15.1,8.2,7.7,0,0,0,"0","0"
"Sikkim","Urban","0-5%",0,0,0,24.7,26,34.8,10.7,0,"0","3.8"
"Sikkim","Urban","5-10%",0,0,14.5,7.3,29.6,37,6.9,4.7,"0","0"
"Sikkim","Urban","10-20%",0,2.4,13.3,42.8,21.5,8,4.8,1.7,"2","3.5"
"Sikkim","Urban","20-30%",0,1,14.9,34,40.6,3.8,5.6,0,"0","0"
"Sikkim","Urban","30-40%",0.8,6.7,18.1,30,26.7,13.8,1.9,2.1,"0","0"
"Sikkim","Urban","40-50%",0,9.5,35.1,35.1,15,5.3,0,0,"0","0"
"Sikkim","Urban","50-60%",0,12.2,41.2,34.5,7.2,2.7,2.2,0,"0","0"
"Sikkim","Urban","60-70%",7.1,21.3,40.7,22.2,4.1,0,4.6,0,"0","0"
"Sikkim","Urban","70-80%",9.2,34.5,36.7,15.6,4,0,0,0,"0","0"
